{
  "advancedEditorSelectedIdentifier" : "ProjectBrowser",
  "openSceneRelativePaths" : [
    "Scene.usda"
  ],
  "recentIdentifiers" : {
    "26DBAE76-5DD8-47B6-A085-1B4ADA111097" : [

    ]
  },
  "sceneCameraHistory" : {
    "26DBAE76-5DD8-47B6-A085-1B4ADA111097" : [
      {
        "date" : 712431778.50508106,
        "title" : "Untitled",
        "transform" : [
          -0.98993819952011108,
          -1.0402788852559297e-08,
          0.14150018990039825,
          0,
          0.092916913330554962,
          0.75419038534164429,
          0.65004873275756836,
          0,
          -0.10671807080507278,
          0.65665578842163086,
          -0.74660193920135498,
          0,
          0.015490439720451832,
          0.15840989351272583,
          -0.18615607917308807,
          1
        ]
      },
      {
        "date" : 712431774.65458703,
        "title" : "Untitled",
        "transform" : [
          -0.98993819952011108,
          -1.0402788852559297e-08,
          0.14150018990039825,
          0,
          0.092916913330554962,
          0.75419038534164429,
          0.65004873275756836,
          0,
          -0.10671807080507278,
          0.65665578842163086,
          -0.74660193920135498,
          0,
          0.010664083063602448,
          0.18810734152793884,
          -0.21992138028144836,
          1
        ]
      },
      {
        "date" : 712431772.034549,
        "title" : "Untitled",
        "transform" : [
          -0.98993808031082153,
          -1.0402787964380877e-08,
          0.14150017499923706,
          0,
          0.092916913330554962,
          0.75419038534164429,
          0.65004873275756836,
          0,
          -0.10671808570623398,
          0.65665584802627563,
          -0.74660199880599976,
          0,
          0.029579544439911842,
          0.071717053651809692,
          -0.087588384747505188,
          1
        ]
      },
      {
        "date" : 712431758.12620902,
        "title" : "Untitled",
        "transform" : [
          -0.8152003288269043,
          -1.3177116287010904e-08,
          0.57917898893356323,
          0,
          0.26851692795753479,
          0.8860359787940979,
          0.37794032692909241,
          0,
          -0.51317352056503296,
          0.46361643075942993,
          -0.72229695320129395,
          0,
          -0.021842628717422485,
          0.050313647836446762,
          -0.10270021855831146,
          1
        ]
      },
      {
        "date" : 712431401.74282706,
        "title" : "Untitled",
        "transform" : [
          0.83293545246124268,
          -3.6365355171597002e-11,
          -0.55337017774581909,
          0,
          -0.32374519109725952,
          0.81100249290466309,
          -0.48730283975601196,
          0,
          0.44878464937210083,
          0.58504265546798706,
          0.67551273107528687,
          0,
          0.12136939913034439,
          0.20334835350513458,
          0.25799822807312012,
          1
        ]
      },
      {
        "date" : 712431388.68479896,
        "title" : "Untitled",
        "transform" : [
          1,
          0,
          -0,
          0,
          -0,
          0.86602544784545898,
          -0.49999994039535522,
          0,
          0,
          0.49999994039535522,
          0.86602544784545898,
          0,
          -0.041675645858049393,
          0.17377200722694397,
          0.30118197202682495,
          1
        ]
      },
      {
        "date" : 712431376.66345203,
        "title" : "Untitled",
        "transform" : [
          1,
          0,
          -0,
          0,
          -0,
          0.86602544784545898,
          -0.49999994039535522,
          0,
          0,
          0.49999994039535522,
          0.86602544784545898,
          0,
          -0.031748779118061066,
          0.17377200722694397,
          0.30118197202682495,
          1
        ]
      },
      {
        "date" : 712431374.89895797,
        "title" : "Untitled",
        "transform" : [
          1,
          0,
          -0,
          0,
          -0,
          0.86602544784545898,
          -0.49999994039535522,
          0,
          0,
          0.49999994039535522,
          0.86602544784545898,
          0,
          -0.031748779118061066,
          0.058482259511947632,
          0.10149426758289337,
          1
        ]
      },
      {
        "date" : 712431371.72086895,
        "title" : "Untitled",
        "transform" : [
          1,
          0,
          -0,
          0,
          -0,
          0.86602544784545898,
          -0.49999994039535522,
          0,
          0,
          0.49999994039535522,
          0.86602544784545898,
          0,
          -0.031748779118061066,
          0.15835203230381012,
          0.27447381615638733,
          1
        ]
      },
      {
        "date" : 712425361.17105198,
        "title" : "Untitled",
        "transform" : [
          1,
          0,
          -0,
          0,
          -0,
          0.86602544784545898,
          -0.49999994039535522,
          0,
          0,
          0.49999994039535522,
          0.86602544784545898,
          0,
          0,
          0.20425225794315338,
          0.3539753258228302,
          1
        ]
      }
    ]
  },
  "selectedSceneRelativePath" : "Scene.usda"
}